,IDnum,ageOfTheHouseholdHead,householdSize,farmSize,shareOfHiredLabour,commercializationIndex,totalLaborManDays,farmType,creditaccess,cropChoice,IfHireLabour,perCapitaIncome,percentNonfarmIncome,wardCode,intensificationStrategies,topgraphicWetnessIndex,distanceToBigMarket,maizePrice,RicePrice,fold
1,751,59,4,1.214058,27.450981,35.425777,252.04726,Diversifier,No,RiceMaizeAndVegit,Yes,291937.88,7.3112698,101,CropMultipleTimes,25.359278,18.341143,414.28571,1144.301,3
2,762,47,4,0.9105435,87.75,84.685196,439.29807,Diversifier,No,RiceMaizeAndVegit,Yes,896967.75,2.588078,101,UseIrrigationAndFertilizerApplication,25.464638,18.011818,785.34033,1144.301,2
3,771,62,4,3.844517,0,59.422752,362.5943,Diversifier,No,RiceAndMaize,No,832732.88,0,101,ApplyImprovedSeed,18.221426,15.893529,414.28571,1144.301,6
4,772,26,3,2.0234301,55,66.666664,148.26309,Subsistence,No,Rice,Yes,889026.81,0,101,ApplyImprovedSeed,26.612041,14.785169,0,1144.301,3
5,774,27,4,1.214,0,62.661106,197.69357,Diversifier,No,RiceAndMaize,No,275408,52.009651,101,None,30.66617,14.554761,414.28571,1144.301,3
6,792,50,4,6.1714616,35.062241,53.547523,156.20287,Diversifier,No,RiceMaizeAndVegit,Yes,718734.31,0,101,ApplyFertilizer,21.957325,29.776499,1000,1040.9524,5
7,811,40,4,2.3269446,86.842102,20.525452,261.28683,Subsistence,No,Rice,Yes,545121,20.615128,121,ApplyImprovedSeed,19.418425,38.066208,0,1232.2581,10
8,840,45,4,4.6538892,74.816628,29.239765,87.883484,Subsistence,Yes,RiceAndMaize,Yes,596853.44,4.8235712,61,None,30.257118,16.121437,861.11108,1167.816,2
9,852,25,3,2.2257731,48.275864,71.337578,208.46689,Diversifier,Yes,RiceAndMaize,Yes,651787.31,0,61,None,15.88962,21.880701,861.11108,1167.816,6
10,865,46,8,14.669868,0.56657225,49.961567,48.125862,AgroPastoralist,No,RiceAndMaize,Yes,470379.28,0,61,None,15.998521,15.026527,861.11108,1167.816,4
11,867,40,5,2.6304591,9.6385546,32.432434,378.64114,Diversifier,Yes,Maize,Yes,125500,0,61,None,14.659055,15.475425,861.11108,0,5
12,868,42,11,16.996813,30.069929,66.018066,243.98692,AgroPastoralist,No,RiceAndMaize,Yes,573298.75,0,241,None,28.732304,48.941624,777.77777,1104.762,9
13,870,36,5,2.9339736,37.931034,75,79.073654,Subsistence,No,Rice,Yes,157428.59,0,241,None,23.567518,49.570732,0,1104.762,3
14,878,47,11,8.4984064,1.5310463,46.666668,415.01898,AgroPastoralist,No,Rice,Yes,994415.63,0,241,None,18.007696,40.958336,0,1104.762,10
15,881,34,8,7.689034,0,63.75,449.47128,AgroPastoralist,No,RiceAndMaize,No,767587.88,0,241,None,18.222,43.840649,805.68878,946.66669,1
16,889,43,7,8.2960634,10.455764,81.300812,134.88326,AgroPastoralist,Yes,Rice,Yes,1337663.4,0,241,None,18.233459,41.529434,777.77777,1104.762,4
17,892,39,5,1.5175725,21.917809,11.089988,96.206276,Subsistence,Yes,Rice,Yes,376900,6.2709966,23,None,14.396434,32.089657,0,1860,3
18,914,46,3,1.416401,0.19569471,44.216484,360.77353,Subsistence,No,Rice,Yes,1012833.3,0,23,UseIrrigation,30.361359,23.481607,0,1860,3
19,922,35,3,1.0117151,1.5831134,35.474007,374.61142,Subsistence,No,Rice,Yes,1851392.3,86.085533,83,None,16.240372,5.25137,0,1312.6154,3
20,927,35,2,0.80937201,21.221865,62.5,384.24854,Subsistence,Yes,RiceAndMaize,Yes,300840.59,0,83,ApplyFertilizer,16.300188,3.8700824,805.68878,1312.6154,10
21,931,38,1,0.48562321,3.6697247,60,224.45386,Subsistence,No,RiceAndMaize,Yes,556375.75,29.469227,83,ApplyFertilizer,17.626665,5.7911606,676.88849,1312.6154,4
22,936,50,6,1.0117151,7.0588236,43.47826,168.03151,Subsistence,No,Rice,Yes,167863.94,21.256769,23,None,24.022306,19.215271,0,1138.2858,5
23,942,45,5,2.4787018,65.365028,51.851852,712.87317,Subsistence,Yes,VegitAndRice,Yes,268285.72,9.5811663,23,UseIrrigationAndFertilizerApplication,16.129574,18.912691,0,1138.2858,3
24,973,80,3,3.642174,0.2096436,0,130.96573,Diversifier,No,Rice,Yes,219087.27,33.275017,11,None,18.798313,7.0058403,0,1247.595,2
25,987,61,6,0.50585753,70.66246,49.019608,156.66466,Subsistence,No,Rice,Yes,117237.48,0,11,None,26.745573,7.0998249,0,1247.595,6
26,1004,48,6,0.60702902,0.27942717,61.666668,589.5517,Subsistence,No,Rice,Yes,87745.094,0,91,None,25.464638,2.2085786,0,1403.9215,6
27,1008,38,4,0.80937201,66.666664,57.553425,667.18396,Subsistence,No,Rice,Yes,250487.53,0,91,None,31.654543,1.9350412,0,1403.9215,7
28,1025,36,3,1.1128865,45,47.477745,107.82771,Subsistence,Yes,RiceAndMaize,Yes,197963.3,0,11,None,20.085154,14.728935,944.44446,1247.595,9
29,1032,58,1,0.70820051,8.7378645,73.837952,145.43904,Diversifier,No,RiceAndMaize,Yes,1065930.1,0,83,CropMultipleTimes,18.118771,2.9242716,1111.1111,1466.6666,9
30,1033,53,5,0.70820051,29.319372,37.5,269.69763,Diversifier,No,RiceAndMaize,Yes,266094.47,0,83,None,17.30777,12.635365,1111.1111,1466.6666,4
31,1051,41,5,1.0117151,21.89781,52.100842,135.41362,Diversifier,Yes,RiceMaizeAndVegit,Yes,431314.28,31.283916,83,CropMultipleTimes,24.771492,3.214417,1111.1111,1466.6666,5
